00600004000000000000000001120000000000082350005000000000001729
00600004000000000000000001140000000000164460005000000000003454
00600004000000000000000001150000000001072730005000000000022527
00600004000000000000000001110000000000421190005000000000008845
00600004000000000000000001000000000001072730005000000000022527
00600004000000000000000001010000000000741120005000000000015564
00600004000000000000000001020000000001016530005000000000021347
00600004000000000000000001470000000000164460005000000000003454
00600004000000000000000001420000000000648760005000000000013624
00600004000000000000000001340000000000082350005000000000001729
00600004000000000000000001350000000000164460005000000000003454
00600004000000000000000001360000000000648760005000000000013624
00600004000000000000000001370000000000338840005000000000007116
00600004000000000000000001380000000000731110005000000000015353
00600004000000000000000001390000000001072730005000000000022527
00600004000000000000000001330000000001072730005000000000022527
00600004000000000000000001160000000001072730005000000000022527
00600004000000000000000001750000000000082350005000000000001729
00600004000000000000000001720000000000330280005000000000006936
00600004000000000000000001730000000000400390005000000000008408
00600004000000000000000001740000000000330280005000000000006936
